0
104.0
105.600006
105.600006
115.200005
113.6
105.600006
108.8
112.0
100.8
97.600006
97.600006
104.0
99.2
91.2
94.399994
100.8
88.0
88.0
88.0
97.600006
97.600006
99.2
112.0
128.0
120.0
128.0
128.0
144.0
140.8
139.2
150.4
163.2
163.2
140.8
140.8
147.2
144.0
121.6
124.799995
129.6
108.8
108.8
107.200005
115.200005
115.200005
100.8
108.8
113.6
97.600006
97.600006
99.2
110.4
115.200005
110.4
128.0
142.4
140.8
140.8
142.4
161.6
166.4
153.59999
219.2
187.2
180.8
184.0
184.0
203.2
206.4
214.40001
256.0
272.0
257.6
257.6
262.4
289.59998
286.4
268.8
297.6
312.0
292.80002
292.80002
299.2
326.4
316.8
292.80002
326.4
334.4
307.19998
307.19998
291.2
334.4
313.6
281.6
299.2
289.59998
251.20001
190.40001
190.40001
200.0
179.2
156.8
166.4
160.0
140.8
140.8
131.2
145.6
134.4
126.4
134.4
152.0
144.0
145.6
145.6
171.20001
163.2
155.20001
163.2
217.6
192.0
164.79999
164.79999
192.0
182.4
176.0
190.40001
225.59999
236.8
236.8
240.0
268.8
265.6
257.6
281.6
308.8
289.59998
289.59998
296.0
329.59998
316.8
302.4
320.0
328.0
292.80002
292.80002
288.0
297.6
254.40001
187.2
179.2
216.0
148.8
148.8
150.4
168.0
177.6
163.2
182.4
200.0
174.40001
176.0
176.0
187.2
166.4
171.20001
160.0
168.0
148.8
148.8
200.0
185.59999
195.20001
185.59999
257.6
286.4
286.4
260.8
286.4
329.59998
334.4
312.0
347.2
369.59998
323.2
323.2
344.0
372.8
361.6
323.2
345.6
350.40002
312.0
312.0
297.6
299.2
275.2
230.40001
193.6
184.0
179.2
179.2
140.8
137.6
126.4
115.200005
129.6
140.8
139.2
139.2
152.0
203.2
172.8
169.59999
203.2
259.2
248.0
248.0
267.19998
291.2
284.8
273.6
316.8
321.6
297.6
291.2
291.2
336.0
315.2
291.2
328.0
320.0
286.4
267.19998
292.80002
292.80002
260.8
228.79999
203.2
185.59999
180.8
153.59999
153.59999
156.8
139.2
128.0
134.4
144.0
134.4
137.6
137.6
160.0
152.0
150.4
203.2
203.2
166.4
169.59999
169.59999
190.40001
198.4
177.6
161.6
156.8
136.0
131.2
131.2
140.8
132.8
132.8
150.4
161.6
156.8
196.8
196.8
203.2
193.6
203.2
273.6
289.59998
288.0
312.0
312.0
353.6
328.0
328.0
360.0
384.0
334.4
352.0
352.0
384.0
344.0
342.40002
372.8
390.40002
337.59998
355.2
355.2
384.0
336.0
331.19998
352.0
355.2
297.6
300.8
300.8
307.19998
283.2
200.0
206.4
219.2
166.4
156.8
156.8
155.20001
139.2
126.4
139.2
147.2
137.6
156.8
177.6
177.6
177.6
209.59999
225.59999
222.4
190.40001
190.40001
196.8
209.59999
198.4
190.40001
211.20001
228.79999
217.6
217.6
184.0
180.8
160.0
145.6
150.4
142.4
131.2
131.2
144.0
156.8
152.0
148.8
179.2
182.4
176.0
176.0
219.2
227.2
275.2
272.0
339.19998
340.80002
323.2
323.2
366.4
379.19998
352.0
336.0
388.80002
371.19998
337.59998
340.80002
340.80002
376.0
340.80002
321.6
360.0
329.59998
291.2
281.6
281.6
291.2
211.20001
192.0
212.8
182.4
158.4
155.20001
155.20001
158.4
137.6
131.2
142.4
145.6
142.4
156.8
156.8
176.0
166.4
169.59999
208.0
219.2
184.0
201.6
201.6
222.4
200.0
200.0
214.40001
203.2
185.59999
203.2
203.2
187.2
155.20001
145.6
150.4
137.6
131.2
142.4
142.4
158.4
148.8
158.4
180.8
192.0
193.6
227.2
227.2
219.2
203.2
212.8
294.4
310.40002
288.0
323.2
323.2
356.8
320.0
339.19998
374.4
379.19998
339.19998
369.59998
369.59998
371.19998
371.19998
358.4
392.0
388.80002
348.80002
380.80002
380.80002
400.0
372.8
364.8
396.8
387.2
348.80002
348.80002
379.19998
390.40002
358.4
347.2
363.2
339.19998
294.4
294.4
300.8
262.4
212.8
203.2
252.8
188.79999
163.2
163.2
169.59999
163.2
144.0
142.4
153.59999
148.8
140.8
163.2
163.2
169.59999
158.4
153.59999
174.40001
164.79999
150.4
150.4
168.0
166.4
150.4
144.0
161.6
148.8
137.6
137.6
156.8
156.8
147.2
148.8
176.0
168.0
160.0
168.0
168.0
180.8
164.79999
160.0
177.6
160.0
145.6
148.8
148.8
152.0
139.2
139.2
155.20001
155.20001
153.59999
171.20001
171.20001
185.59999
176.0
200.0
251.20001
222.4
212.8
227.2
227.2
240.0
230.40001
206.4
201.6
182.4
171.20001
176.0
176.0
180.8
148.8
142.4
148.8
132.8
128.0
140.8
140.8
153.59999
140.8
153.59999
176.0
168.0
171.20001
192.0
192.0
209.59999
208.0
251.20001
265.6
246.4
275.2
310.40002
310.40002
336.0
302.4
326.4
360.0
355.2
328.0
328.0
361.6
377.59998
331.19998
353.6
384.0
371.19998
339.19998
339.19998
368.0
372.8
337.59998
334.4
348.80002
321.6
288.0
288.0
294.4
243.2
230.40001
249.59999
217.6
187.2
171.20001
184.0
184.0
185.59999
172.8
185.59999
203.2
196.8
185.59999
230.40001
230.40001
232.0
212.8
225.59999
217.6
196.8
179.2
196.8
196.8
187.2
164.79999
171.20001
176.0
164.79999
160.0
192.0
192.0
198.4
235.20001
227.2
244.79999
283.2
281.6
344.0
344.0
342.40002
323.2
332.8
382.40002
356.8
342.40002
342.40002
380.80002
380.80002
350.40002
356.8
398.4
363.2
348.80002
374.4
374.4
380.80002
350.40002
358.4
392.0
356.8
344.0
368.0
368.0
364.8
332.8
339.19998
358.4
318.4
302.4
310.40002
310.40002
289.59998
217.6
238.4
248.0
188.79999
180.8
190.40001
190.40001
177.6
160.0
166.4
172.8
152.0
150.4
164.79999
164.79999
172.8
153.59999
168.0
187.2
169.59999
177.6
198.4
209.59999
209.59999
204.79999
252.8
257.6
209.59999
217.6
240.0
240.0
246.4
216.0
230.40001
243.2
225.59999
232.0
236.8
236.8
212.8
182.4
192.0
198.4
182.4
168.0
168.0
180.8
174.40001
153.59999
166.4
177.6
171.20001
174.40001
174.40001
196.8
196.8
185.59999
204.79999
219.2
225.59999
244.79999
244.79999
265.6
257.6
251.20001
299.2
315.2
299.2
305.6
305.6
337.59998
332.8
308.8
345.6
356.8
331.19998
316.8
316.8
352.0
352.0
323.2
361.6
364.8
332.8
318.4
361.6
361.6
339.19998
307.19998
337.59998
331.19998
292.80002
275.2
288.0
288.0
257.6
228.79999
219.2
208.0
182.4
171.20001
171.20001
187.2
171.20001
156.8
166.4
184.0
172.8
177.6
177.6
208.0
198.4
190.40001
204.79999
225.59999
222.4
224.0
256.0
256.0
248.0
236.8
249.59999
254.40001
227.2
227.2
224.0
224.0
206.4
195.20001
203.2
206.4
184.0
182.4
196.8
196.8
180.8
176.0
188.79999
203.2
179.2
188.79999
209.59999
209.59999
192.0
190.40001
208.0
224.0
217.6
240.0
264.0
264.0
272.0
251.20001
296.0
316.8
281.6
302.4
332.8
332.8
332.8
307.19998
337.59998
355.2
310.40002
331.19998
360.0
360.0
352.0
321.6
348.80002
358.4
329.59998
328.0
347.2
347.2
328.0
296.0
316.8
315.2
264.0
262.4
262.4
262.4
224.0
204.79999
217.6
214.40001
193.6
198.4
206.4
206.4
193.6
179.2
204.79999
211.20001
195.20001
209.59999
224.0
224.0
214.40001
203.2
254.40001
252.8
244.79999
265.6
278.4
278.4
259.2
241.6
278.4
264.0
230.40001
219.2
232.0
232.0
211.20001
196.8
222.4
212.8
188.79999
187.2
206.4
206.4
188.79999
179.2
208.0
200.0
187.2
192.0
219.2
219.2
201.6
198.4
214.40001
222.4
227.2
225.59999
225.59999
275.2
257.6
256.0
300.8
304.0
286.4
302.4
302.4
332.8
310.40002
308.8
339.19998
336.0
318.4
337.59998
371.19998
371.19998
334.4
334.4
364.8
352.0
331.19998
348.80002
374.4
374.4
324.8
320.0
336.0
307.19998
284.8
273.6
262.4
262.4
220.8
217.6
238.4
240.0
209.59999
225.59999
241.6
241.6
211.20001
222.4
246.4
244.79999
219.2
235.20001
251.20001
251.20001
219.2
227.2
252.8
246.4
214.40001
230.40001
241.6
241.6
227.2
219.2
241.6
240.0
219.2
240.0
240.0
252.8
236.8
232.0
251.20001
243.2
222.4
240.0
240.0
249.59999
236.8
236.8
268.8
264.0
268.8
318.4
334.4
334.4
312.0
326.4
356.8
347.2
323.2
364.8
364.8
372.8
342.40002
329.59998
379.19998
358.4
326.4
361.6
353.6
353.6
315.2
292.80002
324.8
270.40002
240.0
248.0
248.0
243.2
217.6
211.20001
241.6
227.2
211.20001
220.8
220.8
236.8
217.6
217.6
252.8
236.8
222.4
235.20001
235.20001
264.0
249.59999
243.2
307.19998
294.4
286.4
308.8
308.8
324.8
302.4
312.0
345.6
329.59998
320.0
345.6
345.6
358.4
332.8
342.40002
374.4
345.6
334.4
358.4
358.4
356.8
326.4
331.19998
352.0
304.0
288.0
278.4
257.6
257.6
214.40001
216.0
233.6
203.2
198.4
214.40001
227.2
227.2
201.6
211.20001
228.79999
203.2
201.6
219.2
227.2
227.2
198.4
211.20001
232.0
224.0
206.4
225.59999
233.6
233.6
200.0
214.40001
233.6
230.40001
224.0
257.6
265.6
265.6
232.0
244.79999
254.40001
240.0
227.2
244.79999
248.0
248.0
227.2
241.6
260.8
257.6
257.6
294.4
334.4
334.4
331.19998
356.8
377.59998
350.40002
324.8
368.0
360.0
360.0
326.4
350.40002
360.0
329.59998
310.40002
360.0
350.40002
350.40002
320.0
350.40002
358.4
328.0
308.8
355.2
339.19998
339.19998
310.40002
313.6
348.80002
320.0
305.6
353.6
337.59998
337.59998
310.40002
318.4
353.6
323.2
312.0
363.2
345.6
345.6
324.8
337.59998
369.59998
337.59998
329.59998
355.2
355.2
347.2
300.8
276.8
281.6
246.4
230.40001
244.79999
244.79999
238.4
230.40001
267.19998
323.2
304.0
320.0
358.4
358.4
352.0
340.80002
366.4
401.6
356.8
363.2
396.8
396.8
374.4
360.0
385.6
416.0
364.8
372.8
406.4
406.4
374.4
361.6
388.80002
414.4
360.0
371.19998
404.8
406.4
406.4
358.4
385.6
408.0
353.6
368.0
401.6
396.8
396.8
355.2
385.6
404.8
350.40002
368.0
400.0
390.40002
390.40002
353.6
384.0
398.4
366.4
363.2
388.80002
388.80002
374.4
342.40002
368.0
374.4
339.19998
334.4
347.2
316.8
316.8
276.8
283.2
265.6
219.2
171.20001
160.0
120.0
120.0
44.8
30.4
30.4
27.2
30.4
32.0
32.0
32.0
30.4
35.2
35.2
32.0
35.2
36.8
33.6
33.6
32.0
36.8
35.2
32.0
32.0
35.2
33.6
33.6
30.4
36.8
35.2
32.0
32.0
36.8
36.8
33.6
32.0
33.6
35.2
32.0
32.0
36.8
33.6
33.6
32.0
33.6
35.2
32.0
33.6
36.8
36.8
33.6
32.0
35.2
35.2
32.0
33.6
36.8
33.6
33.6
32.0
35.2
35.2
32.0
33.6
36.8
36.8
33.6
33.6
35.2
35.2
32.0
33.6
36.8
36.8
32.0
32.0
35.2
36.8
32.0
33.6
36.8
36.8
32.0
33.6
36.8
36.8
32.0
35.2
36.8
36.8
32.0
33.6
36.8
36.8
32.0
35.2
38.399998
35.2
35.2
33.6
36.8
36.8
33.6
35.2
38.399998
35.2
35.2
33.6
36.8
36.8
33.6
36.8
38.399998
35.2
35.2
35.2
38.399998
36.8
33.6
36.8
36.8
33.6
33.6
33.6
36.8
35.2
32.0
35.2
36.8
33.6
33.6
35.2
36.8
35.2
32.0
36.8
36.8
33.6
33.6
32.0
38.399998
35.2
32.0
36.8
36.8
33.6
33.6
32.0
38.399998
35.2
32.0
36.8
36.8
33.6
33.6
32.0
36.8
33.6
32.0
32.0
33.6
33.6
30.4
30.4
35.2
33.6
30.4
33.6
35.2
32.0
32.0
32.0
35.2
32.0
30.4
32.0
33.6
30.4
30.4
30.4
33.6
32.0
30.4
33.6
33.6
33.6
32.0
32.0
35.2
32.0
30.4
33.6
35.2
30.4
30.4
32.0
35.2
32.0
32.0
33.6
35.2
35.2
32.0
33.6
36.8
32.0
32.0
35.2
36.8
36.8
32.0
33.6
36.8
35.2
32.0
35.2
36.8
36.8
32.0
33.6
36.8
35.2
32.0
33.6
35.2
30.4
30.4
32.0
35.2
33.6
32.0
35.2
35.2
32.0
32.0
33.6
35.2
32.0
30.4
32.0
32.0
28.800001
28.800001
30.4
28.800001
30.4
28.800001
33.6
33.6
30.4
30.4
33.6
35.2
33.6
32.0
36.8
35.2
32.0
36.8
36.8
36.8
33.6
32.0
36.8
35.2
33.6
33.6
36.8
36.8
33.6
32.0
36.8
35.2
32.0
32.0
32.0
36.8
33.6
32.0
36.8
35.2
32.0
32.0
33.6
36.8
33.6
32.0
36.8
35.2
32.0
33.6
33.6
36.8
33.6
32.0
35.2
35.2
32.0
32.0
35.2
36.8
33.6
33.6
36.8
35.2
33.6
33.6
35.2
36.8
33.6
33.6
36.8
35.2
35.2
35.2
35.2
38.399998
33.6
33.6
36.8
33.6
33.6
32.0
35.2
36.8
32.0
33.6
36.8
36.8
36.8
32.0
35.2
38.399998
32.0
33.6
36.8
36.8
36.8
33.6
36.8
38.399998
32.0
33.6
38.399998
36.8
36.8
33.6
36.8
38.399998
35.2
35.2
38.399998
36.8
36.8
33.6
36.8
38.399998
35.2
35.2
80.0
184.0
289.59998
289.59998
350.40002
366.4
345.6
366.4
393.6
374.4
344.0
344.0
388.80002
390.40002
356.8
377.59998
398.4
372.8
345.6
345.6
393.6
388.80002
353.6
379.19998
396.8
369.59998
344.0
344.0
395.2
385.6
352.0
348.80002
396.8
366.4
344.0
344.0
396.8
382.40002
348.80002
350.40002
395.2
361.6
344.0
344.0
396.8
377.59998
345.6
350.40002
388.80002
356.8
356.8
342.40002
368.0
372.8
344.0
353.6
388.80002
353.6
353.6
371.19998
371.19998
369.59998
344.0
356.8
385.6
353.6
355.2
355.2
388.80002
384.0
361.6
379.19998
412.8
369.59998
366.4
366.4
396.8
380.80002
360.0
379.19998
409.59998
361.6
361.6
361.6
392.0
369.59998
352.0
374.4
403.2
352.0
356.8
356.8
388.80002
396.8
345.6
368.0
395.2
342.40002
342.40002
350.40002
382.40002
387.2
340.80002
368.0
393.6
372.8
372.8
356.8
390.40002
390.40002
350.40002
382.40002
404.8
380.80002
380.80002
368.0
401.6
395.2
355.2
387.2
404.8
376.0
371.19998
371.19998
403.2
392.0
358.4
388.80002
403.2
371.19998
371.19998
372.8
403.2
388.80002
353.6
392.0
400.0
368.0
376.0
376.0
403.2
384.0
353.6
395.2
398.4
364.8
350.40002
350.40002
406.4
382.40002
352.0
400.0
398.4
363.2
353.6
353.6
406.4
379.19998
352.0
403.2
396.8
361.6
355.2
355.2
406.4
376.0
350.40002
366.4
390.40002
356.8
355.2
355.2
403.2
372.8
350.40002
371.19998
388.80002
356.8
358.4
358.4
401.6
368.0
352.0
374.4
385.6
355.2
360.0
360.0
393.6
366.4
352.0
377.59998
382.40002
353.6
363.2
363.2
396.8
363.2
353.6
380.80002
379.19998
352.0
352.0
366.4
400.0
360.0
355.2
384.0
408.0
353.6
353.6
369.59998
403.2
358.4
356.8
388.80002
408.0
353.6
353.6
372.8
406.4
358.4
360.0
392.0
406.4
352.0
352.0
374.4
403.2
390.40002
360.0
393.6
403.2
353.6
353.6
379.19998
406.4
387.2
363.2
398.4
401.6
353.6
353.6
382.40002
406.4
384.0
366.4
400.0
398.4
364.8
384.0
384.0
406.4
380.80002
369.59998
401.6
396.8
361.6
361.6
387.2
404.8
376.0
352.0
403.2
393.6
358.4
358.4
390.40002
403.2
372.8
352.0
404.8
390.40002
356.8
356.8
395.2
403.2
369.59998
352.0
406.4
387.2
355.2
360.0
360.0
400.0
366.4
350.40002
403.2
380.80002
352.0
361.6
361.6
396.8
363.2
352.0
406.4
379.19998
352.0
364.8
364.8
395.2
360.0
353.6
382.40002
376.0
350.40002
368.0
368.0
392.0
356.8
355.2
385.6
371.19998
350.40002
369.59998
369.59998
387.2
353.6
355.2
387.2
366.4
0
0
0
0
0
0
0
0
0
0
0
0
0
0
0
0
0
0
0
0
0
0
0
0
0
0
0
0
0
0
0
0
0
0
0
0
0
0
0
0
0
0
0
0
0
0
0
0
0
0
0
0
0
0
0
0
0
0
0
0
0
0
0
0
0
0
0
0
0
0
0
0
0
0
0
0
0
0
0
0
0
0
0
0
0
0
0
0
0
0
0
0
0
0
0
0
0
0
0
0
0
0
0
0
0
0
0
0
0
0
0
0
0
0
0
0
0
0
0
0
0
0
0
0
0
0
0
0
0
0
0
0
0
0
0
0
0
0
0
0
0
0
0
0
0
0
0
0
0
0
0
0
0
0
0
0
0
0
0
0
0
0
0
0
0
0
0
0
0
0
0
0
0
0
0
0
0
0
0
0
0
0
0
0
0
0
0
0
0
0
0
0
0
0
0
0
0
0
0
0
0
0
0
0
0
0
0
0
0
0
0
0
0
0
0
0
0
0
0
0
0
0
0
0
0
0
0
0
0
0
0
0
0
0
0
0
0
0
0
0
0
0
0
0
0
0
0
0
0
0
0
0
0
0
0
0
0
0
0
0
0
0
0
0
0
0
0
0
0
0
0
0
0
0
0
0
0
0
0
0
0
0
0
0
0
0
0
0
0
0
0
0
0
0
0
0
0
0
0
0
0
0
0
0
0
0
0
0
0
0
0
0
0
0
0
0
0
0
0
0
0
0
0
0
0
0
0
0
0
0
0
0
0
0
0
0
0
0
0
0
0
0
0
0
0
0
0
0
0
0
0
0
0
0
0
0
0
0
0
0
0
0
0
0
0
0
0
0
0
0
0
0
0
0
0
0
0
0
0
0
0
0
0
0
0
0
0
0
0
0
0
0
0
0
0
0
0
0
0
0
0
0
0
0
0
0
0
0
0
0
0
0
0
0
0
0
0
0
0
0
0
0
0
0
0
0
0
0
0
0
0
0
0
0
0
0
0
0
0
0
0
0
0
0
0
0
0
0
0
0
0
0
0
0
0
0
0
0
0
0
0
0
0
0
0
0
0
0
0
0
0
0
0
0
0
0
0
0
0
0
0
0
0
0
0
0
0
0
0
0
0
0
0
0
0
0
0
0
0
0
0
0
0
0
0
0
0
0
0
0
0
0
0
0
0
0
0
0
0
0
0
0
0
0
0
0
0
0
0
0
0
0
0
0
0
0
0
0
0
0
0
0
0
0
0
0
0
0
0
0
0
0
0
0
0
0
0
0
0
0
0
0
0
0
0
0
0
0
0
0
0
0
0
0
0
0
0
0
0
0
0
0
0
0
0
0
0
0
0
0
0
0
0
0
0
0
0
0
0
0
0
0
0
0
0
0
0
0
0
0
0
0
0
0
0
0
0
0
0
0
0
0
0
0
0
0
0
0
0
0
0
0
0
0
0
0
0
0
0
0
0
0
0
0
0
0
0
0
0
0
0
0
0
0
0
0
0
0
0
0
0
0
0
0
0
0
0
0
0
0
0
0
0
0
0
0
0
0
0
0
0
0
0
0
0
0
0
0
0
0
0
0
0
0
0
0
0
0
0
0
0
0
0
0
0
0
0
0
0
0
0
0
0
0
0
0
0
0
0
0
0
0
0
0
0
0
0
0
0
0
0
0
0
0
0
0
0
0
0
0
0
0
0
0
0
0
0
0
0
0
0
0
0
0
0
0
0
0
0
0
0
0
0
0
0
0
0
0
0
0
0
0
0
0
0
0
0
0
0
0
0
0
0
0
0
0
0
0
0
0
0
0
0
0
0
0
0
0
0
0
0
0
0
0
0
0
0
0
0
0
0
0
0
0
0
0
0
0
0
0
0
0
0
0
0
0
0
0
0
0
0
0
0
0
0
0
0
0
0
0
0
0
0
0
0
0
0
0
0
0
0
0
0
0
0
0
0
0
0
0
0
0
0
0
0
0
0
0
0
0
0
0
0
0
0
0
0
0
0
0
0
0
0
0
0
0
0
0
0
0
0
0
0
0
0
0
0
0
0
0
0
0
0
0
0
0
0
0
0
0
0
0
0
0
0
0
0
0
0
0
0
0
0
0
0
0
0
0
0
0
0
0
0
0
0
0
0
0
0
0
0
0
0
0
0
0
0
0
0
0
0
0
0
0
0
0
0
0
0
0
0
0
0
0
0
0
0
0
0
0
0
0
0
0
0
0
0
0
0
0
0
0
0
0
0
0
0
0
0
0
0
0
0
0
0
0
0
0
0
0
0
0
0
0
0
0
0
0
0
0
0
0
0
0
0
0
0
0
0
0
0
0
0
0
0
0
0
0
0
0
0
0
0
0
0
0
0
0
0
0
0
0
0
0
0
0
0
0
0
0
0
0
0
0
0
0
0
0
0
0
0
0
0
0
0
0
0
0
0
0
0
0
0
0
0
0
0
0
0
0
0
0
0
0
0
0
0
0
0
0
0
0
0
0
0
0
0
0
0
0
0
0
0
0
0
0
0
0
0
0
0
0
0
0
0
0
0
0
0
0
0
0
0
0
0
0
0
0
0
0
0
0
0
0
0
0
0
0
0
0
0
0
0
0
0
0
0
0
0
0
0
0
0
0
0
0
0
0
0
0
0
0
0
0
0
0
0
0
0
0
0
0
0
0
0
0
0
0
0
0
0
0
0
0
0
0
0
0
0
0
0
0
0
0
0
0
0
0
0
0
0
0
0
0
0
0
0
0
0
0
0
0
0
0
0
0
0
0
0
0
0
0
0
0
0
0
0
0
0
0
0
0
0
0
0
0
0
0
0
0
0
0
0
0
0
0
0
0
0
0
0
0
0
0
0
0
0
0
0
0
0
0
0
0
0
0
0
0
0
0
0
0
0
0
0
0
0
0
0
0
0
0
0
0
0
0
0
0
0
0
0
0
0
0
0
0
0
0
0
0
0
0
0
0
0
0
0
0
0
0
0
0
0
0
0
0
0
0
0
0
0
0
0
0
0
0
0
0
0
0
0
0
0
0
0
0
0
0
0
0
0
0
0
0
0
0
0
0
0
0
0
0
0
0
0
0
0
0
0
0
0
0
0
0
0
0
0
0
0
0
0
0
0
0
0
0
0
0
0
0
0
0
0
0
0
0
0
0
0
0
0
0
0
0
0
0
0
0
0
0
0
0
0
0
0
0
0
0
0
0
0
0
0
0
0
0
0
0
0
0
0
0
0
0
0
0
0
0
0
0
0
0
0
0
0
0
0
0
0
0
0
0
0
0
0
0
0
0
0
0
0
0
0
0
0
0
0
0
0
0
0
0
0
0
0
0
0
0
0
0
0
0
0
0
0
0
0
0
0
0
0
0
0
0
0
0
0
0
0
0
0
0
0
0
0
0
0
0
0
0
0
0
0
0
0
0
0
0
0
0
0
0
0
0
0
0
0
0
0
0
0
0
0
0
0
0
0
0
0
0
0
0
0
0
0
0
0
0
0
0
0
0
0
0
0
0
0
0
0
0
0
0
0
0
0
0
0
0
0
0
0
0
0
0
0
0
0
0
0
0
0
0
0
0
0
0
0
0
0
0
0
0
0
0
0
0
0
0
0
0
0
0
0
0
0
0
0
0
0
0
0
0
0
0
0
0
0
0
0
0
0
0
0
0
0
0
0
0
0
0
0
0
0
0
0
0
0
0
0
0
0
0
0
0
0
0
0
0
0
0
0
0
0
0
0
0
0
0
0
0
0
0
0
0
0
0
0
0
0
0
0
0
0
0
0
0
0
0
0
0
0
0
0
0
0
0
0
0
0
0
0
0
0
0
0
0
0
0
0
0
0
0
0
0
0
0
0
0
0
0
0
0
0
0
0
0
0
0
0
0
0
0
0
0
0
0
0
0
0
0
0
0
0
0
0
0
0
0
0
0
0
0
0
0
0
0
0
0
0
0
0
0
0
0
0
0
0
0
0
0
0
0
0
0
0
0
0
0
0
0
0
0
0
0
0
0
0
0
0
0
0
0
0
0
0
0
0
0
0
0
0
0
0
0
0
0
0
0
0
0
0
0
0
0
0
0
0
0
0
0
0
0
0
0
0
0
0
0
0
0
0
0
0
0
0
0
0
0
0
0
0
0
0
0
0
0
0
0
0
0
0
0
0
0
0
0
0
0
0
0
0
0
0
0
0
0
0
0
0
0
0
0
0
0
0
0
0
0
0
0
0
0
0
0
0
0
0
0
0
0
0
0
0
0
0
0
0
0
0
0
0
0
0
0
0
0
0
0
0
0
0
0
0
0
0
0
0
0
0
0
0
0
0
0
0
0
0
0
0
0
0
0
0
0
0
0
0
0
0
0
0
0
0
0
0
0
0
0
0
0
0
0
0
0
0
0
0
0
0
0
0
0
0
0
0
0
0
0
0
0
0
0
0
0
0
0
0
0
0
0
0
0
0
0
0
0
0
0
0
0
0
0
0
0
0
0
0
0
0
0
0
0
0
0
0
0
0
0
0
0
0
0
0
0
0
0
0
0
0
0
0
0
0
0
0
0
0
0
0
0
0
0
0
0
0
0
0
0
0
0
0
0
0
0
0
0
0
0
0
0
0
0
0
0
0
0
0
0
0
0
0
0
0
0
0
0
0
0
0
0
0
0
0
0
0
0
0
0
0
0
0
0
0
0
0
0
0
0
0
0
0
0
0
0
0
0
0
0
0
0
0
0
0
0
0
0
0
0
0
0
0
0
0
0
0
0
0
0
0
0
0
0
0
0
0
0
0
0
0
0
0
0
0
0
0
0
0
0
0
0
0
0
0
0
0
0
0
0
0
0
0
0
0
0
0
0
0
0
0
0
0
0
0
0
0
0
0
0
0
0
0
0
0
0
0
0
0
0
0
0
0
0
0
0
0
0
0
0
0
0
0
0
0
0
0
0
0
0
0
0
0
0
0
0
0
0
0
0
0
0
0
0
0
0
0
0
0
0
0
0
0
0
0
0
0
0
0
0
0
0
0
0
0
0
0
0
0
0
0
0
0
0
0
0
0
0
0
0
0
0
0
0
0
0
0
0
0
0
0
0
0
0
0
0
0
0
0
0
0
0
0
0
0
0
0
0
0
0
0
0
0
0
0
0
0
0
0
0
0
0
0
0
0
0
0
0
0
0
0
0
0
0
0
0
0
0
0
0
0
0
0
0
0
0
0
0
0
0
0
0
0
0
0
0
0
0
0
0
0
0
0
0
0
0
0
0
0
0
0
0
0
0
0
0
0
0
0
0
0
0
0
0
0
0
0
0
0
0
0
0
0
0
0
0
0
0
0
0
0
0
0
0
0
0
0
0
0
0
0
0
0
0
0
0
0
0
0
0
0
0
0
0
0
0
0
0
0
0
0
0
0
0
0
0
0
0
0
0
0
0
0
0
0
0
0
0
0
0
0
0
0
0
0
0
0
0
0
0
0
0
0
0
0
0
0
0
0
0
0
0
0
0
0
0
0
0
0
0
0
0
0
0
0
0
0
0
0
0
0
0
0
0
0
0
0
0
0
0
0
0
0
0
0
0
0
0
0
0
0
0
0
0
0
0
0
0
0
0
0
0
0
0
0
0
0
0
0
0
0
0
0
0
0
0
0
0
0
0
0
0
0
0
0
0
0
0
0
0
0
0
0
0
0
0
0
0
0
0
0
0
0
0
0
0
0
0
0
0
0
0
0
0
0
0
0
0
0
0
0
0
0
0
0
0
0
0
0
0
0
0
0
0
0
0
0
0
0
0
0
0
0
0
0
0
0
0
0
0
0
0
0
0
0
0
0
0
0
0
0
0
0
0
0
0
0
0
0
0
0
0
0
0
0
0
0
0
0
0
0
0
0
0
0
0
0
0
0
0
0
0
0
0
0
0
0
0
0
0
0
0
0
0
0
0
0
0
0
0
0
0
0
0
0
0
0
0
0
0
0
0
0
0
0
0
0
0
0
0
0
0
0
0
0
0
0
0
0
0
0
0
0
0
0
0
0
0
0
0
0
0
0
0
0
0
0
0
0
0
0
0
0
0
0
0
0
0
0
0
0
0
0
0
0
0
0
0
0
0
0
0
0
0
0
0
0
0
0
0
0
0
0
0
0
0
0
0
0
0
0
0
0
0
0
0
0
0
0
0
0
0
0
0
0
0
0
0
0
0
0
0
0
0
0
0
0
0
0
0
0
0
0
0
0
0
0
0
0
0
0
0
0
0
0
0
0
0
0
0
0
0
0
0
0
0
0
0
0
0
0
0
0
0
0
0
0
0
0
0
0
0
0
0
0
0
0
0
0
0
0
0
0
0
0
0
0
0
0
0
0
0
0
0
0
0
0
0
0
0
0
0
0
0
0
0
0
0
0
0
0
0
0
0
0
0
0
0
0
0
0
0
0
0
0
0
0
0
0
0
0
0
0
0
0
0
0
0
0
0
0
0
0
0
0
0
0
0
0
0
0
0
0
0
0
0
0
0
0
0
0
0
0
0
0
0
0
0
0
0
0
0
0
0
0
0
0
0
0
0
0
0
0
0
0
0
0
0
0
0
0
0
0
0
0
0
0
0
0
0
0
0
0
0
0
0
0
0
0
0
0
0
0
0
0
0
0
0
0
0
0
0
0
0
0
0
0
0
0
0
0
0
0
0
0
0
0
0
0
0
0
0
0
0
0
0
0
0
0
0
0
0
0
0
0
0
0
0
0
0
0
0
0
0
0
0
0
0
0
0
0
0
0
0
0
0
0
0
0
0
0
0
0
0
0
0
0
0
0
0
0
0
0
0
0
0
0
0
0
0
0
0
0
0
0
0
0
0
0
0
0
0
0
0
0
0
0
0
0
0
0
0
0
0
0
0
0
0
0
0
0
0
0
0
0
0
0
0
0
0
0
0
0
0
0
0
0
0
0
0
0
0
0
0
0
0
0
0
0
0
0
0
0
0
0
0
0
0
0
0
0
0
0
0
0
0
0
0
0
0
0
0
0
0
0
0
0
0
0
0
0
0
0
0
0
0
0
0
0
0
0
0
0
0
0
0
0
0
0
0
0
0
0
0
0
0
0
0
0
0
0
0
0
0
0
0
0
0
0
0
0
0
0
0
0
0
0
0
0
0
0
0
0
0
0
0
0
0
0
0
0
0
0
0
0
0
0
0
0
0
0
0
0
0
0
0
0
0
0
0
0
0
0
0
0
0
0
0
0
0
0
0
0
0
0
0
0
0
0
0
0
0
0
0
0
0
0
0
0
0
0
0
0
0
0
0
0
0
0
0
0
0
0
0
0
0
0
0
0
0
0
0
0
0
0
0
0
0
0
0
0
0
0
0
0
0
0
0
0
0
0
0
0
0
0
0
0
0
0
0
0
0
0
0
0
0
0
0
0
0
0
0
0
0
0
0
0
0
0
0
0
0
0
0
0
0
0
0
0
0
0
0
0
0
0
0
0
0
0
0
0
0
0
0
0
0
0
0
0
0
0
0
0
0
0
0
0
0
0
0
0
0
0
0
0
0
0
0
0
0
0
0
0
0
0
0
0
0
0
0
0
0
0
0
0
0
0
0
0
0
0
0
0
0
0
0
0
0
0
0
0
0
0
0
0
0
0
0
0
0
0
0
0
0
0
0
0
0
0
0
0
0
0
0
0
0
0
0
0
0
0
0
0
0
0
0
0
0
0
0
0
0
0
0
0
0
0
0
0
0
0
0
0
0
0
0
0
0
0
0
0
0
0
0
0
0
0
0
0
0
0
0
0
0
0
0
0
0
0
0
0
0
0
0
0
0
0
0
0
0
0
0
0
0
0
0
0
0
0
0
0
0
0
0
0
0
0
0
0
0
0
0
0
0
0
0
0
0
0
0
0
0
0
0
0
0
0
0
0
0
0
0
0
0
0
0
0
0
0
0
0
0
0
0
0
0
0
0
0
0
0
0
0
0
0
0
0
0
0
0
0
0
0
0
0
0
0
0
0
0
0
0
0
0
0
0
0
0
0
0
0
0
0
0
0
0
0
0
0
0
0
0
0
0
0
0
0
0
0
0
0
0
0
0
0
0
0
0
0
0
0
0
0
0
0
0
0
0
0
0
0
0
0
0
0
0
0
0
0
0
0
0
0
0
0
0
0
0
0
0
0
0
0
0
0
0
0
0
0
0
0
0
0
0
0
0
0
0
0
0
0
0
0
0
0
0
0
0
0
0
0
0
0
0
0
0
0
0
0
0
0
0
0
0
0
0
0
0
0
0
0
0
0
0
0
0
0
0
0
0
0
0
0
0
0
0
0
0
0
0
0
0
0
0
0
0
0
0
0
0
0
0
0
0
0
0
0
0
0
0
0
0
0
0
0
0
0
0
0
0
0
0
0
0
0
0
0
0
0
0
0
0
0
0
0
0
0
0
0
0
0
0
0
0
0
0
0
0
0
0
0
0
0
0
0
0
0
0
0
0
0
0
0
0
0
0
0
0
0
0
0
0
0
0
0
0
0
0
0
0
0
0
0
0
0
0
0
0
0
0
0
0
0
0
0
0
0
0
0
0
0
0
0
0
0
0
0
0
0
0
0
0
0
0
0
0
0
0
0
0
0
0
0
0
0
0
0
0
0
0
0
0
0
0
0
0
0
0
0
0
0
0
0
0
0
0
0
0
0
0
0
0
0
0
0
0
0
0
0
0
0
0
0
0
0
0
0
0
0
0
0
0
0
0
0
0
0
0
0
0
0
0
0
0
0
0
0
0
0
0
0
0
0
0
0
0
0
0
0
0
0
0
0
0
0
0
0
0
0
0
0
0
0
0
0
0
0
0
0
0
0
0
0
0
0
0
0
0
0
0
0
0
0
0
0
0
0
0
0
0
0
0
0
0
0
0
0
0
0
0
0
0
0
0
0
0
0
0
0
0
0
0
0
0
0
0
0
0
0
0
0
0
0
0
0
0
0
0
0
0
0
0
0
0
0
0
0
0
0
0
0
0
0
0
0
0
0
0
0
0
0
0
0
0
0
0
0
0
0
0
0
0
0
0
0
0
0
0
0
0
0
0
0
0
0
0
0
0
0
0
0
0
0
0
0
0
0
0
0
0
0
0
0
0
0
0
0
0
0
0
0
0
0
0
0
0
0
0
0
0
0
0
0
0
0
0
0
0
0
0
0
0
0
0
0
0
0
0
0
0
0
0
0
0
0
0
0
0
0
0
0
0
0
0
0
0
0
0
0
0
0
0
0
0
0
0
0
0
0
0
0
0
0
0
0
0
0
0
0
0
0
0
0
0
0
0
0
0
0
0
0
0
0
0
0
0
0
0
0
0
0
0
0
0
0
0
0
0
0
0
0
0
0
0
0
0
0
0
0
0
0
0
0
0
0
0
0
0
0
0
0
0
0
0
0
0
0
0
0
0
0
0
0
0
0
0
0
0
0
0
0
0
0
0
0
0
0
0
0
0
0
0
0
0
0
0
0
0
0
0
0
0
0
0
0
0
0
0
0
0
0
0
0
0
0
0
0
0
0
0
0
0
0
0
0
0
0
0
0
0
0
0
0
0
0
0
0
0
0
0
0
0
0
0
0
0
0
0
0
0
0
0
0
0
0
0
0
0
0
0
0
0
0
0
0
0
0
0
0
0
0
0
0
0
0
0
0
0
0
0
0
0
0
0
0
0
0
0
0
0
0
0
0
0
0
0
0
0
0
0
0
0
0
0
0
0
0
0
0
0
0
0
0
0
0
0
0
0
0
0
0
0
0
0
0
0
0
0
0
0
0
0
0
0
0
0
0
0
0
0
0
0
0
0
0
0
0
0
0
0
0
0
0
0
0
0
0
0
0
0
0
0
0
0
0
0
0
0
0
0
0
0
0
0
0
0
0
0
0
0
0
0
0
0
0
0
0
0
0
0
0
0
0
0
0
0
0
0
0
0
0
0
0
0
0
0
0
0
0
0
0
0
0
0
0
0
0
0
0
0
0
0
0
0
0
0
0
0
0
0
0
0
0
0
0
0
0
0
0
0
0
0
0
0
0
0
0
0
0
0
0
0
0
0
0
0
0
0
0
0
0
0
0
0
0
0
0
0
0
0
0
0
0
0
0
0
0
0
0
0
0
0
0
0
0
0
0
0
0
0
0
0
0
0
0
0
0
0
0
0
0
0
0
0
0
0
0
0
0
0
0
0
0
0
0
0
0
0
0
0
0
0
0
0
0
0
0
0
0
0
0
0
0
0
0
0
0
0
0
0
0
0
0
0
0
0
0
0
0
0
0
0
0
0
0
0
0
0
0
0
0
0
0
0
0
0
0
0
0
0
0
0
0
0
0
0
0
0
0
0
0
0
0
0
0
0
0
0
0
0
0
0
0
0
0
0
0
0
0
0
0
0
0
0
0
0
0
0
0
0
0
0
0
0
0
0
0
0
0
0
0
0
0
0
0
0
0
0
0
0
0
0
0
0
0
0
0
0
0
0
0
0
0
0
0
0
0
0
0
0
0
0
0
0
0
0
0
0
0
0
0
0
0
0
0
0
0
0
0
0
0
0
0
0
0
0
0
0
0
0
0
0
0
0
0
0
0
0
0
0
0
0
0
0
0
0
0
0
0
0
0
0
0
0
0
0
0
0
0
0
0
0
0
0
0
0
0
0
0
0
0
0
0
0
0
0
0
0
0
0
0
0
0
0
0
0
0
0
0
0
0
0
0
0
0
0
0
0
0
0
0
0
0
0
0
0
0
0
0
0
0
0
0
0
0
0
0
0
0
0
0
0
0
0
0
0
0
0
0
0
0
0
0
0
0
0
0
0
0
0
0
0
0
0
0
0
0
0
0
0
0
0
0
0
0
0
0
0
0
0
0
0
0
0
0
0
0
0
0
0
0
0
0
0
0
0
0
0
0
0
0
0
0
0
0
0
0
0
0
0
0
0
0
0
0
0
0
0
0
0
0
0
0
0
0
0
0
0
0
0
0
0
0
0
0
0
0
0
0
0
0
0
0
0
0
0
0
0
0
0
0
0
0
0
0
0
0
0
0
0
0
0
0
0
0
0
0
0
0
0
0
0
0
0
0
0
0
0
0
0
0
0
0
0
0
0
0
0
0
0
0
0
0
0
0
0
0
0
0
0
0
0
0
0
0
0
0
0
0
0
0
0
0
0
0
0
0
0
0
0
0
0
0
0
0
0
0
0
0
0
0
0
0
0
0
0
0
0
0
0
0
0
0
0
0
0
0
0
0
0
0
0
0
0
0
0
0
0
0
0
0
0
0
0
0
0
0
0
0
0
0
0
0
0
0
0
0
0
0
0
0
0
0
0
0
0
0
0
0
0
0
0
0
0
0
0
0
0
0
0
0
0
0
0
0
0
0
0
0
0
0
0
0
0
0
0
0
0
0
0
0
0
0
0
0
0
0
0
0
0
0
0
0
0
0
0
0
0
0
0
0
0
0
0
0
0
0
0
0
0
0
0
0
0
0
0
0
0
0
0
0
0
0
0
0
0
0
0
0
0
0
0
0
0
0
0
0
0
0
0
0
0
0
0
0
0
0
0
0
0
0
0
0
0
0
0
0
0
0
0
0
0
0
0
0
0
0
0
0
0
0
0
0
0
0
0
0
0
0
0
0
0
0
0
0
0
0
0
0
0
0
0
0
0
0
0
0
0
0
0
0
0
0
0
0
0
0
0
0
0
0
0
0
0
0
0
0
0
0
0
0
0
0
0
0
0
0
0
0
0
0
0
0
0
0
0
0
0
0
0
0
0
0
0
0
0
0
0
0
0
0
0
0
0
0
0
0
0
0
0
0
0
0
0
0
0
0
0
0
0
0
0
0
0
0
0
0
0
0
0
0
0
0
0
0
0
0
0
0
0
0
0
0
0
0
0
0
0
0
0
0
0
0
0
0
0
0
0
0
0
0
0
0
0
0
0
0
0
0
0
0
0
0
0
0
0
0
0
0
0
0
0
0
0
0
0
0
0
0
0
0
0
0
0
0
0
0
0
0
0
0
0
0
0
0
0
0
0
0
0
0
0
0
0
0
0
0
0
0
0
0
0
0
0
0
0
0
0
0
0
0
0
0
0
0
0
0
0
0
0
0
0
0
0
0
0
0
0
0
0
0
0
0
0
0
0
0
0
0
0
0
0
0
0
0
0
0
0
0
0
0
0
0
0
0
0
0
0
0
0
0
0
0
0
0
0
0
0
0
0
0
0
0
0
0
0
0
0
0
0
0
0
0
0
0
0
0
0
0
0
0
0
0
0
0
0
0
0
0
0
0
0
0
0
0
0
0
0
0
0
0
0
0
0
0
0
0
0
0
0
0
0
0
0
0
0
0
0
0
0
0
0
0
0
0
0
0
0
0
0
0
0
0
0
0
0
0
0
0
0
0
0
0
0
0
0
0
0
0
0
0
0
0
0
0
0
0
0
0
0
0
0
0
0
0
0
0
0
0
0
0
0
0
0
0
0
0
0
0
0
0
0
0
0
0
0
0
0
0
0
0
0
0
0
0
0
0
0
0
0
0
0
0
0
0
0
0
0
0
0
0
0
0
0
0
0
0
0
0
0
0
0
0
0
0
0
0
0
0
0
0
0
0
0
0
0
0
0
0
0
0
0
0
0
0
0
0
0
0
0
0
0
0
0
0
0
0
0
0
0
0
0
0
0
0
0
0
0
0
0
0
0
0
0
0
0
0
0
0
0
0
0
0
0
0
0
0
0
0
0
0
0
0
0
0
0
0
0
0
0
0
0
0
0
0
0
0
0
0
0
0
0
0
0
0
0
0
0
0
0
0
0
0
0
0
0
0
0
0
0
0
0
0
0
0
0
0
0
0
0
0
0
0
0
0
0
0
0
0
0
0
0
0
0
0
0
0
0
0
0
0
0
0
0
0
0
0
0
0
0
0
0
0
0
0
0
0
0
0
0
0
0
0
0
0
0
0
0
0
0
0
0
0
0
0
0
0
0
0
0
0
0
0
0
0
0
0
0
0
0
0
0
0
0
0
0
0
0
0
0
0
0
0
0
0
0
0
0
0
0
0
0
0
0
0
0
0
0
0
0
0
0
0
0
0
0
0
0
0
0
0
0
0
0
0
0
0
0
0
0
0
0
0
0
0
0
0
0
0
0
0
0
0
0
0
0
0
0
0
0
0
0
0
0
0
0
0
0
0
0
0
0
0
0
0
0
0
0
0
0
0
0
0
0
0
0
0
0
0
0
0
0
0
0
0
0
0
0
0
0
0
0
0
0
0
0
0
0
0
0
0
0
0
0
0
0
0
0
0
0
0
0
0
0
0
0
0
0
0
0
0
0
0
0
0
0
0
0
0
0
0
0
0
0
0
0
0
0
0
0
0
0
0
0
0
0
0
0
0
0
0
0
0
0
0
0
0
0
0
0
0
0
0
0
0
0
0
0
0
0
0
0
0
0
0
0
0
0
0
0
0
0
0
0
0
0
0
0
0
0
0
0
0
0
0
0
0
0
0
0
0
0
0
0
0
0
0
0
0
0
0
0
0
0
0
0
0
0
0
0
0
0
0
0
0
0
0
0
0
0
0
0
0
0
0
0
0
0
0
0
0
0
0
0
0
0
0
0
0
0
0
0
0
0
0
0
0
0
0
0
0
0
0
0
0
0
0
0
0
0
0
0
0
0
0
0
0
0
0
0
0
0
0
0
0
0
0
0
0
0
0
0
0
0
0
0
0
0
0
0
0
0
0
0
0
0
0
0
0
0
0
0
0
0
0
0
0
0
0
0
0
0
0
0
0
0
0
0
0
0
0
0
0
0
0
0
0
0
0
0
0
0
0
0
0
0
0
0
0
0
0
0
0
0
0
0
0
0
0
0
0
0
0
0
0
0
0
0
0
0
0
0
0
0
0
0
0
0
0
0
0
0
0
0
0
0
0
0
0
0
0
0
0
0
0
0
0
0
0
0
0
0
0
0
0
0
0
0
0
0
0
0
0
0
0
0
0
0
0
0
0
0
0
0
0
0
0
0
0
0
0
0
0
0
0
0
0
0
0
0
0
0
0
0
0
0
0
0
0
0
0
0
0
0
0
0
0
0
0
0
0
0
0
0
0
0
0
0
0
0
0
0
0
0
0
0
0
0
0
0
0
0
0
0
0
0
0
0
0
0
0
0
0
0
0
0
0
0
0
0
0
0
0
0
0
0
0
0
0
0
0
0
0
0
0
0
0
0
0
0
0
0
0
0
0
0
0
0
0
0
0
0
0
0
0
0
0
0
0
0
0
0
0
0
0
0
0
0
0
0
0
0
0
0
0
0
0
0
0
0
0
0
0
0
0
0
0
0
0
0
0
0
0
0
0
0
0
0
0
0
0
0
0
0
0
0
0
0
0
0
0
0
0
0
0
0
0
0
0
0
0
0
0
0
0
0
0
0
0
0
0
0
0
0
0
0
0
0
0
0
0
0
0
0
0
0
0
0
0
0
0
0
0
0
0
0
0
0
0
0
0
0
0
0
0
0
0
0
0
0
0
0
0
0
0
0
0
0
0
0
0
0
0
0
0
0
0
0
0
0
0
0
0
0
0
0
0
0
0
0
0
0
0
0
0
0
0
0
0
0
0
0
0
0
0
0
0
0
0
0
0
0
0
0
0
0
0
0
0
0
0
0
0
0
0
0
0
0
0
0
0
0
0
0
0
0
0
0
0
0
0
0
0
0
0
0
0
0
0
0
0
0
0
0
0
0
0
0
0
0
0
0
0
0
0
0
0
0
0
0
0
0
0
0
0
0
0
0
0
0
0
0
0
0
0
0
0
0
0
0
0
0
0
0
0
0
0
0
0
0
0
0
0
0
0
0
0
0
0
0
0
0
0
0
0
0
0
0
0
0
0
0
0
0
0
0
0
0
0
0
0
0
0
0
0
0
0
0
0
0
0
0
0
0
0
0
0
0
0
0
0
0
0
0
0
0
0
0
0
0
0
0
0
0
0
0
0
0
0
0
0
0
0
0
0
0
0
0
0
0
0
0
0
0
0
0
0
0
0
0
0
0
0
0
0
0
0
0
0
0
0
0
0
0
0
0
0
0
0
0
0
0
0
0
0
0
0
0
0
0
0
0
0
0
0
0
0
0
0
0
0
0
0
0
0
0
0
0
0
0
0
0
0
0
0
0
0
0
0
0
0
0
0
0
0
0
0
0
0
0
0
0
0
0
0
0
0
0
0
0
0
0
0
0
0
0
0
0
0
0
0
0
0
0
0
0
0
0
0
0
0
0
0
0
0
0
0
0
0
0
0
0
0
0
0
0
0
0
0
0
0
0
0
0
0
0
0
0
0
0
0
0
0
0
0
0
0
0
0
0
0
0
0
0
0
0
0
0
0
0
0
0
0
0
0
0
0
0
0
0
0
0
0
0
0
0
0
0
0
0
0
0
0
0
0
0
0
0
0
0
0
0
0
0
0
0
0
0
0
0
0
0
0
0
0
0
0
0
0
0
0
0
0
0
0
0
0
0
0
0
0
0
0
0
0
0
0
0
0
0
0
0
0
0
0
0
0
0
0
0
0
0
0
0
0
0
0
0
0
0
0
0
0
0
0
0
0
0
0
0
0
0
0
0
0
0
0
0
0
0
0
0
0
0
0
0
0
0
0
0
0
0
0
0
0
0
0
0
0
0
0
0
0
0
0
0
0
0
0
0
0
0
0
0
0
0
0
0
0
0
0
0
0
0
0
0
0
0
0
0
0
0
0
0
0
0
0
0
0
0
0
0
0
0
0
0
0
0
0
0
0
0
0
0
0
0
0
0
0
0
0
0
0
0
0
0
0
0
0
0
0
0
0
0
0
0
0
0
0
0
0
0
0
0
0
0
0
0
0
0
0
0
0
0
0
0
0
0
0
0
0
0
0
0
0
0
0
0
0
0
0
0
0
0
0
0
0
0
0
0
0
0
0
0
0
0
0
0
0
0
0
0
0
0
0
0
0
0
0
0
0
0
0
0
0
0
0
0
0
0
0
0
0
0
0
0
0
0
0
0
0
0
0
0
0
0
0
0
0
0
0
0
0
0
0
0
0
0
0
0
0
0
0
0
0
0
0
0
0
0
0
0
0
0
0
0
0
0
0
0
0
0
0
0
0
0
0
0
0
0
0
0
0
0
0
0
0
0
0
0
0
0
0
0
0
0
0
0
0
0
0
0
0
0
0
0
0
0
0
0
0
0
0
0
0
0
0
0
0
0
0
0
0
0
0
0
0
0
0
0
0
0
0
0
0
0
0
0
0
0
0
0
0
0
0
0
0
0
0
0
0
0
0
0
0
0
0
0
0
0
0
0
0
0
0
0
0
0
0
0
0
0
0
0
0
0
0
0
0
0
0
0
0
0
0
0
0
0
0
0
0
0
0
0
0
0
0
0
0
0
0
0
0
0
0
0
0
0
0
0
0
0
0
0
0
0
0
0
0
0
0
0
0
0
0
0
0
0
0
0
0
0
0
0
0
0
0
0
0
0
0
0
0
0
0
0
0
0
0
0
0
0
0
0
0
0
0
0
0
0
0
0
0
0
0
0
0
0
0
0
0
0
0
0
0
0
0
0
0
0
0
0
0
0
0
0
0
0
0
0
0
0
0
0
0
0
0
0
0
0
0
0
0
0
0
0
0
0
0
0
0
0
0
0
0
0
0
0
0
0
0
0
0
0
0
0
0
0
0
0
0
0
0
0
0
0
0
0
0
0
0
0
0
0
0
0
0
0
0
0
0
0
0
0
0
0
0
0
0
0
0
0
0
0
0
0
0
0
0
0
0
0
0
0
0
0
0
0
0
0
0
0
0
0
0
0
0
0
0
0
0
0
0
0
0
0
0
0
0
0
0
0
0
0
0
0
0
0
0
0
0
0
0
0
0
0
0
0
0
0
0
0
0
0
0
0
0
0
0
0
0
0
0
0
0
0
0
0
0
0
0
0
0
0
0
0
0
0
0
0
0
0
0
0
0
0
0
0
0
0
0
0
0
0
0
0
0
0
0
0
0
0
0
0
0
0
0
0
0
0
0
0
0
0
0
0
0
0
0
0
0
0
0
0
0
0
0
0
0
0
0
0
0
0
0
0
0
0
0
0
0
0
0
0
0
0
0
0
0
0
0
0
0
0
0
0
0
0
0
0
0
0
0
0
0
0
0
0
0
0
0
0
0
0
0
0
0
0
0
0
0
0
0
0
0
0
0
0
0
0
0
0
0
0
0
0
0
0
0
0
0
0
0
0
0
0
0
0
0
0
0
0
0
0
0
0
0
0
0
0
0
0
0
0
0
0
0
0
0
0
0
0
0
0
0
0
0
0
0
0
0
0
0
0
0
0
0
0
0
0
0
0
0
0
0
0
0
0
0
0
0
0
0
0
0
0
0
0
0
0
0
0
0
0
0
0
0
0
0
0
0
0
0
0
0
0
0
0
0
0
0
0
0
0
0
0
0
0
0
0
0
0
0
0
0
0
0
0
0
0
0
0
0
0
0
0
0
0
0
0
0
0
0
0
0
0
0
0
0
0
0
0
0
0
0
0
0
0
0
0
0
0
0
0
0
0
0
0
0
0
0
0
0
0
0
0
0
0
0
0
0
0
0
0
0
0
0
0
0
0
0
0
0
0
0
0
0
0
0
0
0
0
0
0
0
0
0
0
0
0
0
0
0
0
0
0
0
0
0
0
0
0
0
0
0
0
0
0
0
0
0
0
0
0
0
0
0
0
0
0
0
0
0
0
0
0
0
0
0
0
0
0
0
0
0
0
0
0
0
0
0
0
0
0
0
0
0
0
0
0
0
0
0
0
0
0
0
0
0
0
0
0
0
0
0
0
0
0
0
0
0
0
0
0
0
0
0
0
0
0
0
0
0
0
0
0
0
0
0
0
0
0
0
0
0
0
0
0
0
0
0
0
0
0
0
0
0
0
0
0
0
0
0
0
0
0
0
0
0
0
0
0
0
0
0
0
0
0
0
0
0
0
0
0
0
0
0
0
0
0
0
0
0
0
0
0
0
0
0
0
0
0
0
0
0
0
0
0
0
0
0
0
0
0
0
0
0
0
0
0
0
0
0
0
0
0
0
0
0
0
0
0
0
0
0
0
0
0
0
0
0
0
0
0
0
0
0
0
0
0
0
0
0
0
0
0
0
0
0
0
0
0
0
0
0
0
0
0
0
0
0
0
0
0
0
0
0
0
0
0
0
0
0
0
0
0
0
0
0
0
0
0
0
0
0
0
0
0
0
0
0
0
0
0
0
0
0
0
0
0
0
0
0
0
0
0
null
